$ANSIBLE_VAULT;1.1;AES256
37663663333732643837313562353337383637356134326564396137623461363138323862303961
6138333336363137393437383630393465326330353663630a383532653734343339393766636138
34316161633962333437623665343632646562616463306466343333333231326634393535653939
3432393237343063350a346165616330343332343839356634613533326565333163343435346166
32376333386132363965643337333863343762613136353964343130326638613239653461636530
37366163666637363637626632326566623038663930623863666261636362663762633339646131
39363763353933643761633334633864663130303031376338326532633431623064653437393961
64343534613737356330643764306631356561373536646666346361376239626238643337383863
38363664663934346664323533356333646365373463386362326232613136343564653466663333
64306237643663396437353838653833326662363063383232356563613064623434383433393036
31623766623565306630393539383333313434373066656461623832306539613465646539633539
36383432346235346431366466373239373964353131313839636466613538643439613063383666
64313664666362393031333532303234303631616136656534303035356434626238383533666631
64353631346162363662666634313464303638386664643832633639616439303763366631353265
32666132626661316465373933653562636464393934646563633662346566653965656130356266
39653964623562376230396433363231313033653339303163643565383337313335633364623737
39386430623939316534306264646530663335616162616665343239663636613932306563376337
64343334376338396239643866616361343730656262396238666437303536343638386637333430
31303832346433316563373461613536363065616134643332353837383264323436636461383361
33666164653136303265333232383137303935666135313165303430333463623236356137366336
63616463643563343162666538326639353165643463653839633431303033306639663962323632
3834363737613035313434356365306637633734643636303037
